ETA,A_1982,A_1983,A_1984,A_1985,A_1986,A_1987,A_1988,A_1989,A_1990,A_1991,A_1992,A_1993,A_1994,A_1995,A_1996,A_1997,A_1998,A_1999,A_2000,A_2001,A_2002,A_2003,A_2004,A_2005,A_2006,A_2007,A_2008,A_2009,A_2010,A_2011,A_2012,A_2013,A_2014,A_2015,A_2016,A_2017
0,73,90,92,75,75,66,75,54,55,71,60,60,59,53,59,71,68,72,87,81,71,98,93,76,105,72,96,105,94,86,71,105,89,75,100,68
1,97,72,86,95,76,74,66,70,55,51,65,58,64,64,54,61,72,66,72,87,83,76,97,101,80,111,73,96,106,100,83,72,106,96,84,108
2,105,95,77,85,91,80,73,67,75,62,50,68,60,64,68,60,57,73,63,75,89,84,78,94,101,85,108,78,102,103,89,86,73,94,99,88
3,102,98,95,74,82,90,79,73,71,77,63,51,65,64,63,69,63,55,70,60,74,97,91,86,93,97,90,106,77,110,76,90,89,92,93,95
4,104,99,95,96,76,80,88,81,76,71,76,63,51,64,66,63,72,67,57,70,66,74,98,89,86,94,101,88,101,79,67,77,92,91,92,94
5,95,100,97,90,96,78,81,81,81,77,65,77,58,51,65,65,66,75,64,57,70,69,76,98,90,86,94,106,91,105,72,71,79,95,92,91
6,122,95,97,94,88,92,80,80,78,82,75,63,76,59,53,70,75,71,72,65,62,66,69,73,105,88,92,96,102,88,61,69,71,81,100,90
7,145,120,96,98,99,90,93,79,82,79,75,73,62,77,60,52,69,75,72,77,63,64,66,71,83,102,90,92,96,105,63,64,66,71,86,99
8,113,144,121,96,102,98,89,92,81,83,80,75,73,64,74,63,53,67,80,72,75,65,64,69,72,88,101,92,92,93,75,64,64,69,72,90
9,132,111,140,119,92,100,98,85,88,82,78,78,74,73,67,76,66,51,68,83,72,75,64,65,69,73,91,100,96,92,72,72,63,66,69,73
10,145,128,108,140,115,87,106,96,81,89,77,73,78,72,70,65,76,70,52,71,84,70,70,64,65,70,74,94,102,101,83,74,73,62,66,70
11,133,143,131,107,139,122,97,106,98,85,85,78,72,80,69,69,68,77,69,56,72,86,70,70,68,65,73,76,95,99,75,88,77,65,65,66
12,157,137,144,133,106,132,120,95,103,93,83,84,79,74,80,66,70,68,76,68,55,76,85,69,70,70,66,72,77,94,57,79,85,76,66,67
13,162,155,135,140,131,106,132,120,88,101,92,88,83,77,72,79,65,69,69,78,68,58,74,89,71,68,69,69,71,76,65,59,76,90,76,64
14,140,155,154,137,141,130,108,134,122,85,94,86,88,83,75,69,79,64,71,71,78,67,60,72,91,68,68,68,68,73,74,66,61,73,95,74
15,153,138,157,153,135,140,132,110,130,121,88,93,89,85,82,73,71,77,65,74,72,82,68,56,75,93,71,65,71,68,72,79,67,57,76,96
16,146,156,139,153,152,129,141,131,109,124,122,92,95,86,84,83,72,71,77,71,75,71,80,67,58,77,94,69,66,70,74,74,78,66,59,78
17,147,147,150,143,152,149,128,145,136,110,125,118,92,95,81,83,86,70,71,76,71,73,71,81,69,57,79,94,69,65,75,75,75,79,68,58
18,130,143,146,152,146,150,149,130,144,135,107,123,117,93,93,77,80,85,70,75,78,72,70,70,84,69,57,76,94,69,77,78,71,66,81,69
19,135,131,143,150,144,145,149,152,131,143,135,107,119,114,94,93,78,76,85,72,77,75,71,69,68,87,68,60,77,94,80,82,74,70,66,85
20,105,130,132,145,154,146,142,155,161,131,142,135,107,118,112,93,96,78,77,88,74,76,75,70,71,68,90,70,60,76,76,80,81,72,72,67
21,111,109,133,124,147,155,146,145,151,164,130,140,130,107,117,114,96,95,82,80,91,75,82,73,70,67,67,92,68,64,91,79,82,78,71,71
22,103,115,105,134,127,145,151,142,151,157,161,119,138,130,108,120,117,95,96,90,81,92,81,90,71,71,69,71,96,71,78,94,84,93,76,71
23,113,101,111,104,136,124,146,146,140,149,157,161,107,137,129,111,119,119,94,95,92,78,90,89,91,77,72,76,76,96,93,77,97,92,95,81
24,106,116,104,117,100,137,125,141,144,147,138,145,154,116,135,128,113,120,120,99,96,97,83,89,86,95,82,78,71,75,99,94,81,90,91,98
25,102,110,123,102,120,97,134,124,144,152,141,133,139,149,112,131,130,114,128,129,95,103,106,78,89,89,96,85,81,74,102,100,97,79,90,95
26,117,105,113,120,101,120,95,133,120,144,143,137,136,134,145,119,124,128,125,130,132,96,108,104,85,89,90,98,87,78,131,104,106,105,88,92
27,120,122,106,115,111,107,118,100,128,120,142,137,140,133,132,146,124,125,134,125,131,133,100,108,117,86,100,95,92,89,127,133,103,108,116,89
28,112,118,124,100,112,109,108,117,103,129,124,143,136,141,127,126,152,120,134,133,128,138,141,98,113,117,88,106,97,90,127,129,138,101,112,116
29,100,107,116,118,97,112,112,106,120,109,132,126,138,137,144,130,129,159,125,139,133,134,148,149,106,116,118,97,111,107,132,129,134,157,110,114
30,112,98,105,112,114,94,101,110,105,116,107,126,122,140,139,145,133,127,161,133,139,132,132,157,162,104,112,133,104,112,138,135,136,154,168,111
31,139,116,95,103,108,114,102,104,108,107,112,101,128,117,141,140,146,137,131,170,140,136,131,136,157,164,112,123,133,103,136,137,141,140,156,172
32,124,140,112,92,108,109,111,96,101,108,109,115,102,132,121,141,140,151,146,134,181,139,140,134,148,150,170,122,132,127,179,137,142,141,148,148
33,178,121,135,110,92,105,109,111,94,100,107,108,114,105,135,121,142,143,154,151,133,182,139,139,138,151,152,179,126,130,138,185,136,140,141,151
34,159,174,119,135,109,96,109,106,110,92,94,102,108,115,106,130,122,145,140,158,151,142,179,147,141,139,157,167,178,131,147,141,192,142,136,141
35,126,158,170,116,137,110,96,109,108,103,92,93,100,110,113,111,126,125,157,144,155,153,145,175,154,144,140,164,172,181,157,152,146,173,149,140
36,113,124,158,168,117,132,108,98,108,110,101,89,97,96,109,113,115,128,131,160,148,161,153,142,185,155,150,141,161,171,145,159,157,144,180,152
37,132,111,126,157,159,117,135,111,103,106,112,106,90,92,93,104,115,118,138,132,162,152,161,160,144,182,156,151,143,163,158,150,163,167,145,178
38,112,133,116,126,158,161,115,135,109,104,105,109,106,88,92,89,103,122,114,137,134,167,153,159,160,144,190,152,151,146,134,162,157,161,164,145
39,129,113,133,116,125,158,162,113,137,107,104,105,109,109,88,86,90,101,124,116,137,131,169,150,165,168,148,187,154,148,140,138,168,151,164,174
40,144,128,111,136,113,121,157,164,119,133,109,103,105,106,108,86,88,93,103,127,114,140,134,166,158,168,173,153,188,150,114,145,135,166,156,168
41,150,149,124,113,135,117,124,157,168,117,131,110,100,109,104,111,88,89,91,102,129,117,143,133,168,156,164,179,154,186,128,118,150,134,167,154
42,145,149,147,126,109,136,117,123,156,166,117,127,109,102,109,103,111,89,85,90,101,131,111,139,133,172,155,159,181,152,101,131,119,144,133,171
43,133,143,145,145,129,110,139,118,127,152,167,117,120,108,101,107,106,114,91,85,89,106,134,111,143,131,170,156,166,184,91,103,134,111,146,130
44,125,129,140,148,140,128,110,136,120,123,148,163,114,119,108,104,104,106,114,92,86,94,104,138,114,140,132,168,155,167,86,94,105,137,113,144
45,109,123,129,143,148,139,131,108,136,118,123,149,165,111,117,107,101,106,105,116,93,84,95,109,143,113,138,131,163,155,91,91,96,113,140,116
46,128,109,126,124,142,145,140,131,109,133,120,122,149,169,108,118,102,97,107,104,114,95,86,95,107,141,113,140,132,162,114,94,91,100,110,139
47,112,127,107,125,124,145,145,140,131,109,132,117,122,148,168,106,120,102,98,107,103,112,94,86,97,108,144,117,138,138,100,114,95,93,101,108
48,78,115,127,105,126,121,140,146,137,132,106,132,116,120,146,165,109,121,102,96,109,103,110,95,87,98,115,142,118,140,110,102,112,96,93,102
49,103,78,109,124,108,126,121,137,146,140,128,104,129,112,121,145,166,109,123,103,98,110,107,109,98,88,106,115,144,121,97,112,106,110,99,93
50,92,104,79,107,128,106,128,117,133,146,139,124,106,127,112,120,148,165,113,125,104,99,107,105,111,97,89,106,111,142,108,100,113,103,112,98
51,91,92,103,78,104,129,107,125,118,131,142,138,123,108,129,110,121,147,162,109,126,103,97,110,107,111,98,93,108,117,126,107,100,114,107,112
52,71,85,89,104,79,107,129,109,126,117,125,135,136,121,109,128,110,121,146,161,111,125,104,98,111,108,116,95,96,108,107,126,107,99,115,108
53,59,74,82,89,99,76,104,125,106,124,117,124,128,133,123,109,124,106,121,147,159,112,125,106,100,112,109,117,95,99,159,107,126,107,101,115
54,63,62,77,84,87,97,76,99,121,104,123,116,124,124,134,121,110,127,104,121,146,161,112,124,106,102,113,110,115,98,143,163,107,123,107,103
55,71,62,66,77,84,88,93,77,97,117,100,123,115,124,123,129,121,109,123,101,121,145,160,112,120,104,102,115,112,114,119,144,162,107,121,105
56,51,70,64,67,80,86,85,94,74,101,114,95,126,112,124,123,131,118,110,118,101,120,143,159,113,123,105,102,111,113,104,117,142,159,110,122
57,46,52,70,64,67,78,87,86,93,76,100,114,93,125,112,122,123,133,116,112,118,101,123,142,158,113,119,110,100,112,122,106,119,141,160,111
58,66,45,50,69,63,64,78,86,83,95,74,97,114,92,124,107,120,125,131,115,110,117,102,122,140,155,113,124,107,100,112,121,105,119,140,156
59,52,65,47,49,67,67,64,78,85,83,95,74,98,114,91,122,112,119,123,133,114,108,114,103,120,137,153,115,125,107,115,112,121,104,119,136
60,53,50,66,47,50,65,64,65,79,87,82,94,71,98,112,89,120,112,118,129,129,112,108,114,102,115,136,156,112,123,128,115,110,116,103,115
61,58,53,51,66,46,47,65,64,63,78,85,80,93,71,98,109,87,120,113,123,130,130,112,108,117,100,117,134,159,111,133,127,112,110,118,102
62,37,56,52,52,62,48,49,66,63,67,79,83,78,91,73,98,107,85,117,106,121,129,131,114,110,114,100,121,133,157,119,133,127,115,111,114
63,40,38,57,51,52,62,45,48,66,60,65,78,84,80,92,74,97,104,87,115,106,126,126,128,112,107,115,102,122,134,106,119,133,125,113,109
64,24,39,36,58,55,51,64,44,50,65,60,65,78,80,80,90,73,99,104,88,116,108,126,129,130,110,106,116,101,123,117,106,119,129,127,111
65,44,22,38,37,57,50,49,63,43,48,67,60,65,79,79,80,88,74,99,102,87,115,108,130,130,131,107,109,115,101,89,116,106,127,130,127
66,37,43,24,39,35,57,50,47,62,45,49,66,57,63,78,80,77,87,69,97,100,89,118,108,128,126,128,108,109,115,100,90,117,110,126,124
67,43,34,42,23,37,32,55,51,45,62,44,49,64,54,61,75,78,75,84,72,95,103,90,115,104,124,125,126,108,108,98,105,91,115,106,123
68,45,39,34,44,20,36,32,53,50,46,60,42,49,65,55,63,74,77,78,82,71,95,102,90,113,100,125,123,124,108,69,97,101,92,113,102
69,48,43,41,34,45,20,36,29,56,50,45,60,41,50,61,55,63,73,77,80,80,68,95,100,90,114,97,122,121,121,81,65,96,100,92,113
70,49,46,40,37,38,42,18,34,27,52,49,47,61,41,48,61,53,60,71,76,79,81,69,96,100,88,111,97,122,121,81,82,67,96,100,90
71,38,47,50,41,38,37,43,18,35,28,52,45,47,59,41,46,59,53,58,72,76,76,81,67,95,103,87,112,93,121,77,78,81,66,96,103
72,40,34,48,52,39,38,36,45,16,32,31,51,46,49,60,39,47,56,54,57,70,76,73,79,68,91,102,90,109,90,73,76,75,79,67,93
73,41,39,33,48,49,39,37,36,45,16,35,34,48,46,48,57,37,46,56,54,55,71,73,71,77,67,89,99,89,107,55,73,75,73,77,66
74,35,40,41,35,46,48,38,37,37,41,15,32,34,47,44,47,58,37,45,56,52,52,70,75,73,75,65,92,96,89,55,52,72,76,74,76
75,33,31,38,38,37,48,47,36,38,38,38,14,31,33,46,42,46,57,38,42,56,56,54,67,74,69,75,63,90,94,57,57,54,69,76,70
76,31,29,30,39,36,33,47,47,34,37,33,37,14,27,32,43,43,47,58,37,47,54,53,51,65,72,67,73,59,86,46,54,55,52,67,73
77,39,30,29,28,36,36,34,43,47,34,36,30,35,14,23,33,40,44,47,60,34,47,53,50,50,61,68,68,70,57,35,46,53,51,50,63
78,30,42,28,25,27,35,36,32,41,42,33,37,28,35,13,22,32,41,41,44,58,33,45,51,52,51,58,70,65,69,55,34,44,51,52,51
79,24,30,40,30,20,29,33,32,31,41,42,31,35,29,32,13,19,33,40,39,42,58,31,41,49,53,48,59,68,64,38,55,31,41,50,53
80,23,22,28,41,28,24,30,31,30,29,41,39,30,35,28,33,17,17,32,40,40,41,53,29,43,48,51,42,61,65,40,37,51,29,42,48
81,28,20,21,26,38,25,25,24,26,26,30,42,36,30,35,27,33,17,16,32,40,39,39,55,29,41,48,49,41,59,41,38,36,53,29,40
82,15,28,21,23,26,32,24,20,21,25,26,29,41,32,26,28,27,32,16,19,31,40,39,36,55,31,39,48,47,38,30,40,37,34,53,30
83,11,19,31,19,21,22,30,17,16,22,25,25,26,35,30,25,25,26,31,15,18,28,38,40,37,49,27,35,46,46,19,28,37,37,35,48
84,8,11,16,30,19,20,20,32,15,13,20,27,26,25,30,27,25,27,21,31,13,18,28,37,36,36,49,26,35,45,12,19,28,35,34,35
85,12,12,12,13,16,19,21,22,24,23,14,18,22,22,25,28,23,20,27,17,28,12,13,23,32,34,36,43,23,33,28,12,18,23,32,32
86,10,10,9,11,14,16,18,19,20,21,16,12,18,19,21,22,25,21,20,25,17,25,11,10,21,34,26,36,41,22,18,25,11,15,21,33
87,9,8,7,9,12,13,15,16,17,17,22,14,11,12,17,19,19,23,19,22,26,14,21,9,9,19,28,23,35,38,26,16,22,9,13,19
88,7,7,6,7,9,11,12,13,14,14,14,21,16,11,13,13,17,18,20,17,18,24,12,17,8,9,20,27,22,32,20,25,14,17,8,12
89,5,5,5,6,7,8,10,11,11,11,11,13,18,15,6,11,13,12,18,18,13,16,18,11,17,5,7,16,23,19,14,19,22,12,17,5
90,4,5,4,5,6,5,7,6,9,9,8,10,11,15,10,4,10,12,12,18,15,13,13,15,10,15,5,5,16,20,15,13,15,16,11,15
91,3,3,3,3,4,5,5,6,7,6,15,7,8,10,12,8,2,9,11,11,16,11,10,11,12,9,13,4,6,15,16,12,11,14,13,10
92,2,2,2,2,3,4,4,5,5,5,3,13,6,7,9,10,5,3,5,10,9,17,9,9,11,9,6,13,4,3,9,16,9,10,12,10
93,2,2,2,2,3,3,3,4,4,4,5,2,11,5,6,6,9,4,3,5,7,7,13,8,6,10,7,4,13,3,9,7,12,8,7,11
94,1,1,1,1,2,2,2,3,3,3,1,3,3,8,4,4,5,5,2,2,5,4,7,7,8,6,8,7,5,13,6,6,7,8,8,7
95,1,1,1,1,1,2,2,2,2,2,1,2,2,2,6,4,5,5,2,2,2,2,3,6,2,5,3,9,6,2,1,3,4,6,3,5
96,1,0,1,1,1,1,1,1,1,2,0,1,1,1,2,6,3,4,1,2,3,2,1,3,3,1,3,2,7,5,3,1,2,4,3,2
97,0,0,0,0,1,1,1,1,1,1,0,0,1,1,2,2,5,3,1,1,2,0,2,1,3,2,1,2,2,6,2,1,1,2,3,2
98,0,0,0,0,0,0,1,1,1,1,1,0,0,1,1,1,2,5,2,1,0,2,0,1,1,3,2,1,2,1,0,2,1,1,2,3
99,0,0,0,0,0,0,0,0,0,0,0,0,0,0,1,1,1,1,0,1,0,0,1,0,0,0,0,1,1,0,0,0,1,0,0,1
